4.004378380146569015e-03
3.622556412980520307e-03
1.700688163662278721e-03
5.892150504756978914e-03
4.066975183149855108e-03
5.291081970928640868e-03
4.977567532860906890e-03
3.508001780395122397e-03
8.666065726903215277e-03
7.381978439769747505e-03
2.169378603614852997e-03
1.713419849977624622e-03
7.915574642463084343e-03
-1.572446916912940019e-03
2.084425357536915865e-03
8.637284763538489660e-03
4.955741713043812849e-03
1.362715236461509898e-03
7.873343855912902714e-03
-5.783104886239665704e-03
2.126656144087097494e-03
5.576841842196414087e-03
-8.507491898861315946e-03
1.492508101138684696e-03
8.596129613779989603e-03
7.721715052561894596e-03
1.403870386220010171e-03
4.190177065055391420e-03
-5.539202079746956449e-03
1.139963517203642241e-03
4.740545566519337173e-03
7.719637700411028335e-03
2.410684507183258676e-03
4.581657672568986879e-03
3.566394005434906939e-04
3.429495028472207517e-03
4.272945545512227619e-03
-6.555050161148949853e-03
4.359403772141343461e-03
8.005141867319276634e-04
2.586317872459716755e-03
5.052063137305431648e-03
5.576586081427997721e-03
-3.600336508181403196e-03
1.104255844951514305e-03
8.388027366784474477e-04
7.827007005185390720e-03
2.172992994814609922e-03
2.531416532415354300e-03
-2.964040569482091943e-03
2.711602728040270888e-03
1.359187010456545767e-03
-6.769663201552577995e-03
1.515177820826180393e-03
3.672826796990453363e-04
-5.761814232395978848e-03
4.779995382251702070e-03
-2.100547450741221175e-03
-7.837042477646804714e-03
2.162957522353195494e-03
-6.438196923162710535e-04
-4.419424178802196929e-03
1.802172516044662836e-03
5.740759486003859345e-03
-2.690562636596309162e-03
5.943467562851255208e-03
8.216417033330706415e-03
8.216417033330706415e-03
4.529721819560569157e-03
-2.283415190096372682e-03
8.775068962244307255e-03
1.224931037755692086e-03
6.245585841923698839e-03
5.057848088662384931e-03
1.000393469835846472e-03
-3.898409511441464081e-03
-4.274269263273529525e-03
1.381925893350219314e-03
-1.715938687571476936e-03
-5.460314719404209781e-04
2.037540017937044222e-03
-5.260938364928201966e-03
8.096648142151030222e-03
1.903351857848969335e-03
1.149801076290116793e-03
2.154941057627385130e-03
1.497252610386733043e-03
3.015562567274435168e-03
-8.783181900316253121e-03
2.349194993473924416e-03
-8.478489581620240328e-03
8.606117560860535032e-03
1.393882439139465176e-03
-2.423049614827832345e-03
6.086268472429668883e-03
1.459914875927324903e-03
-7.709860549259052107e-03
5.505609570351923526e-03
1.230083820934713308e-03
1.398109701859976198e-03
-3.401834011599809719e-04
1.022664227989565980e-03
-4.953945497252714228e-03
2.937719300218943983e-03
2.316557747443871024e-03
-8.656049727423164100e-03
3.114498534687668973e-03
1.343950272576836759e-03
-5.016256933528284376e-03
-5.733890763792007022e-04
1.289269132409317890e-03
-8.224391601025643483e-03
6.396314905254127034e-04
3.193369284289651871e-03
-7.509241479424171202e-03
-4.055884050770163299e-03
2.355505187598741154e-03
-6.098197605121903619e-03
-7.967941752809423392e-03
1.683867343417018046e-03
-2.766060331561105267e-03
-3.558435294516386523e-03
4.465481212408568476e-03
8.146524932985895612e-03
-8.881683855190128374e-03
1.193863757841709394e-03
-7.576833818212954687e-03
5.953884969863538004e-03
4.863749227162642540e-03
1.459426067955570637e-03
4.734088882077611485e-03
1.260364061624344662e-03
-6.376955913916511169e-04
4.154201257858932718e-03
2.386736501938274777e-03
-4.780960412793370563e-03
-6.174806085508551326e-03
3.868939983860902095e-03
-2.306318175689183597e-03
6.508542006132110418e-03
5.408494161080783930e-03
-8.628695752510316674e-03
-8.628695752510316674e-03
3.263125627494222782e-03
-4.630495337501155592e-03
-5.087920528091733653e-04
4.281433513313716473e-03
2.984415294787832844e-03
6.805249340402089522e-03
5.128763981350248184e-03
8.608395935965906798e-04
-8.770216278812380251e-03
3.671487731344832105e-03
2.800026965402904050e-04
-1.151085866191531304e-03
5.129678717778561776e-03
-2.794776483643634808e-03
-7.452366047372264296e-03
6.255222208432110499e-03
-3.239581256022202194e-03
2.037847742580509852e-03
6.194724047825777603e-03
-6.370622230427770011e-03
-8.382075531485077419e-03
5.536830793858141947e-03
-6.575804505753746372e-03
-5.258631684750631786e-03
5.934310980735317542e-03
8.770269459179837190e-03
9.788478044137662037e-04
4.019372729902123340e-03
-7.407947839260535863e-03
-1.627672314252196894e-03
6.148860757026024249e-03
-6.744185009993843190e-03
2.276125482640474831e-03
5.513062140533203995e-03
7.365255052568388250e-03
-8.604832108362488879e-03
4.703413929941473691e-03
8.410304656804333534e-03
-5.512601122894029808e-03
5.794048840452008763e-03
5.470207028567484683e-03
8.401609144639025570e-03
6.925042581014835379e-03
-8.805395529309690411e-03
-6.460139670985220670e-03
4.623283434585618093e-03
2.165294127553599093e-03
-8.008880173859712556e-03
7.693552418349965116e-03
8.510438729615240130e-03
-1.623786093079607716e-04
6.473886575673609353e-03
-2.052649285757137711e-03
-1.508313473203155754e-03
7.823160894661460377e-03
3.743471938923756404e-03
8.320288026312872356e-04
7.150204014892944798e-03
-1.761613031598546460e-03
2.477426516616839606e-03
1.145932949768268269e-03
2.092725227910940261e-03
-4.023695474187391485e-03
7.771046870227708674e-03
6.263124847055540415e-03
-7.678993848278968179e-03
7.933649640526105329e-03
1.419999628714553857e-03
6.337750582571034449e-03
8.717444693804157763e-03
-7.861801878918890651e-03
3.325036215754799407e-03
8.580467098602218012e-03
-5.604105002718779913e-03
7.613067044397106055e-03
9.483098128378695396e-03
-8.053280705626740532e-03
-4.205146324981284822e-03
8.885635571250145512e-03
-8.547986837174000735e-03
-7.194520486651275956e-03
7.346060863556781381e-03
7.349569630777343793e-03
5.951824668883668595e-03
9.282936797099671303e-03
7.589318867396066710e-03
1.450205095434448088e-03
9.854330090414791660e-03
-2.456064203184656590e-03
4.076563799514246536e-03
9.995819439160015182e-03
-5.609878319367141673e-03
-7.937564587232867619e-03
9.091146182590457980e-03
8.068109174359855071e-04
8.653769324371965443e-03
5.538622829112189484e-03
-5.498164676844174287e-03
7.693632358002203998e-05
8.916312382057636418e-03
-4.301249002780721011e-03
-4.327527674588708961e-03
9.238342288196876168e-03
8.007822154729711192e-03
-2.854093706110808100e-03
9.581829974556534471e-03
3.191379418135404170e-03
6.747797089977116943e-04
1.191509284670766444e-03
-1.392658009593562667e-03
-4.661555215999816509e-03
7.109246456784207302e-03
8.684342419776917496e-03
8.684342419776917496e-03
7.557824946130321103e-03
1.475815520496135021e-03
-5.435180146659286237e-04
1.075311130060995456e-02
-5.327833890384985928e-03
8.767602331139020058e-03
5.790864548672232381e-03
-1.432598641132592967e-03
-7.576680216931178449e-03
1.089975854672195141e-02
8.866096702999511428e-03
5.792112777169198222e-03
6.017132757760937020e-03
-8.968206113517389333e-03
-9.900431282224514493e-04
1.031793886482610442e-03
4.707653013636054970e-03
-5.052063747530827903e-03
1.082041010990264333e-02
4.505146121895980092e-03
8.345748279842248388e-03
9.980747769856876048e-03
-1.631751467658668596e-03
8.130504121062843981e-03
1.088314109201759042e-02
-8.833160407263137767e-03
1.049254841483833467e-03
6.042862122467552999e-03
-8.393335309738557751e-03
-9.611979197983555427e-04
1.029549349068454092e-02
3.878275197634255787e-03
3.010447130682396624e-03
1.168832433250365649e-02
-2.108359919638139266e-03
-3.062334060745038229e-03
1.263355106754171508e-02
