-3.901693646538911733e-03
-1.985473708671550014e-04
1.306278514059835407e-03
-5.972663046188011332e-03
8.573566447577275502e-04
2.522588514830647818e-03
-8.339902646738003161e-03
2.443952560659733153e-03
1.660097353261996613e-03
-8.048522411014003008e-03
6.031942064536863039e-03
1.951477588985997200e-03
-8.889077889433532470e-03
8.854215066076023474e-03
1.110922110566467738e-03
-4.889477726434688157e-03
8.147940311663538077e-03
1.852059688336461698e-03
-6.758185560236901895e-03
-3.451023277901333133e-03
2.065086261956670596e-03
-7.525951624623883340e-03
8.866092960409226870e-03
3.084416215825158507e-03
-4.168013143647002205e-03
-1.358763442177760147e-03
4.662178631383758105e-03
-2.834990538046351302e-03
-3.276296370044123538e-03
1.879841586765597199e-03
-4.203232796906236635e-03
-5.290177309061228940e-03
1.101649078462400540e-03
-8.650683168499821024e-03
-5.331945082696297987e-04
1.349316831500179184e-03
-7.790802018379987953e-03
-7.596194065397983593e-03
2.209197981620012255e-03
-3.556153014892402247e-03
-7.965422188632279715e-03
2.702429353664931658e-03
7.402005732135533318e-04
-7.710890291465637841e-03
2.289109708534362801e-03
-2.054429189783211259e-03
8.848761400890005346e-03
1.151238599109995295e-03
-1.366487149921723470e-03
4.449299299654863732e-03
2.234121162938769618e-03
-1.865859991346236965e-03
-5.655910128547824399e-03
1.070796929817972344e-03
