1.700688163662278721e-03
2.380012674305577447e-03
1.161092891836400373e-03
1.713419849977624622e-03
2.084425357536915865e-03
1.362715236461509898e-03
2.126656144087097494e-03
1.492508101138684696e-03
1.403870386220010171e-03
1.139963517203642241e-03
1.737457431015465700e-03
1.611255301183707987e-03
1.985008466293461220e-03
2.084324964497287838e-03
1.104255844951514305e-03
2.172992994814609922e-03
2.078421134700956553e-03
1.515177820826180393e-03
1.869993732393799603e-03
2.162957522353195494e-03
1.229694125566514794e-03
2.297810102677442894e-03
1.783582966669293576e-03
1.224931037755692086e-03
1.000393469835846472e-03
1.381925893350219314e-03
2.037540017937044222e-03
1.903351857848969335e-03
1.497252610386733043e-03
1.216818099683747304e-03
1.393882439139464960e-03
1.459914875927324903e-03
1.230083820934713308e-03
1.022664227989565980e-03
2.316557747443871024e-03
1.343950272576836759e-03
1.289269132409317890e-03
1.775608398974355857e-03
2.355505187598741154e-03
1.683867343417018046e-03
1.927531847465875376e-03
1.118316144809871401e-03
2.423166181787045521e-03
1.109958012922167975e-03
1.253186735503145251e-03
1.346355954142020202e-03
2.496907368509168092e-03
1.371304247489684184e-03
1.293447600548554115e-03
1.576252723092411677e-03
1.229783721187619307e-03
1.508041635298543268e-03
1.983476699679327139e-03
2.008379560434233983e-03
1.617924468514923440e-03
1.517827452752114033e-03
1.229730540820163451e-03
1.867695885987653631e-03
1.290832991133333395e-03
1.395167891637510678e-03
1.589695343195666674e-03
1.598390855360974205e-03
1.194604470690309147e-03
1.991119826140286351e-03
1.489561270384760511e-03
2.051365062973918921e-03
1.821612831010108397e-03
1.111041303908962994e-03
1.984251697981694387e-03
2.042390663401052239e-03
2.290513048052635753e-03
2.138198121081109557e-03
2.386932955602894153e-03
1.946719294373260327e-03
1.452013162826000124e-03
2.180666568873407089e-03
2.340995297778089308e-03
2.374104233888449118e-03
2.019822664427944198e-03
1.213028950867706514e-03
1.764073542120627586e-03
1.774577461135315969e-03
1.992177845270289016e-03
1.034581188619810004e-03
1.222911120298211850e-03
1.315657580223083146e-03
2.307578547685743345e-03
1.232397668860979066e-03
2.423319783068822193e-03
1.133903297000488780e-03
1.031793886482610442e-03
1.939583599779636913e-03
1.576834577718405715e-03
1.758268805653470050e-03
1.166839592736861790e-03
1.606664690261441807e-03
2.054221415020019391e-03
2.452235077640313541e-03
